PassengerId,Survived
892,0
893,0
894,1
895,1
896,0
897,0
898,1
899,0
900,0
901,0
902,1
903,1
904,0
905,0
906,0
907,0
908,0
909,0
910,1
911,0
912,0
913,0
914,0
915,0
916,0
917,0
918,1
919,0
920,0
921,0
922,1
923,1
924,0
925,1
926,1
927,0
928,0
929,1
930,1
931,1
932,1
933,0
934,1
935,0
936,0
937,1
938,0
939,1
940,0
941,0
942,1
943,0
944,0
945,0
946,0
947,1
948,1
949,0
950,0
951,0
952,0
953,1
954,1
955,1
956,0
957,1
958,0
959,1
960,1
961,0
962,0
963,0
964,1
965,1
966,1
967,0
968,0
969,1
970,0
971,1
972,0
973,1
974,0
975,0
976,0
977,1
978,0
979,1
980,1
981,1
982,1
983,0
984,0
985,1
986,0
987,1
988,1
989,1
990,0
991,0
992,0
993,0
994,0
995,1
996,0
997,1
998,0
999,0
1000,1
1001,0
1002,0
1003,0
1004,0
1005,1
1006,0
1007,1
1008,1
1009,0
1010,1
1011,0
1012,0
1013,0
1014,1
1015,0
1016,1
1017,0
1018,1
1019,0
1020,1
1021,0
1022,0
1023,0
1024,0
1025,1
1026,1
1027,1
1028,0
1029,0
1030,1
1031,1
1032,0
1033,1
1034,0
1035,0
1036,0
1037,0
1038,1
1039,0
1040,0
1041,0
1042,1
1043,0
1044,1
1045,0
1046,0
1047,1
1048,0
1049,1
1050,0
1051,0
1052,1
1053,1
1054,1
1055,0
1056,0
1057,0
1058,0
1059,1
1060,1
1061,1
1062,0
1063,0
1064,1
1065,1
1066,0
1067,0
1068,0
1069,0
1070,0
1071,0
1072,0
1073,1
1074,1
1075,1
1076,0
1077,1
1078,0
1079,0
1080,0
1081,0
1082,0
1083,1
1084,0
1085,0
1086,0
1087,0
1088,0
1089,0
1090,0
1091,0
1092,1
1093,0
1094,1
1095,0
1096,0
1097,0
1098,0
1099,1
1100,0
1101,0
1102,1
1103,1
1104,0
1105,0
1106,0
1107,0
1108,0
1109,0
1110,0
1111,0
1112,1
1113,0
1114,0
1115,0
1116,0
1117,0
1118,1
1119,1
1120,1
1121,1
1122,1
1123,0
1124,0
1125,0
1126,1
1127,0
1128,0
1129,1
1130,0
1131,0
1132,1
1133,0
1134,1
1135,0
1136,0
1137,0
1138,0
1139,0
1140,1
1141,0
1142,1
1143,1
1144,1
1145,0
1146,1
1147,1
1148,1
1149,0
1150,0
1151,1
1152,0
1153,0
1154,0
1155,0
1156,1
1157,0
1158,0
1159,0
1160,0
1161,0
1162,0
1163,0
1164,1
1165,0
1166,0
1167,0
1168,0
1169,0
1170,0
1171,0
1172,0
1173,0
1174,1
1175,1
1176,1
1177,0
1178,1
1179,0
1180,1
1181,0
1182,1
1183,1
1184,0
1185,1
1186,1
1187,0
1188,1
1189,0
1190,0
1191,0
1192,0
1193,0
1194,0
1195,1
1196,0
1197,0
1198,0
1199,1
1200,1
1201,0
1202,0
1203,0
1204,1
1205,1
1206,0
1207,0
1208,1
1209,1
1210,1
1211,0
1212,1
1213,1
1214,0
1215,0
1216,0
1217,1
1218,0
1219,1
1220,1
1221,1
1222,0
1223,0
1224,1
1225,0
1226,0
1227,0
1228,0
1229,0
1230,1
1231,0
1232,1
1233,1
1234,1
1235,0
1236,1
1237,1
1238,0
1239,0
1240,0
1241,0
1242,1
1243,0
1244,0
1245,0
1246,0
1247,0
1248,0
1249,0
1250,1
1251,1
1252,0
1253,0
1254,1
1255,1
1256,0
1257,0
1258,0
1259,1
1260,0
1261,0
1262,1
1263,0
1264,0
1265,1
1266,1
1267,0
1268,1
1269,0
1270,0
1271,0
1272,0
1273,0
1274,0
1275,0
1276,0
1277,0
1278,1
1279,0
1280,0
1281,0
1282,1
1283,0
1284,0
1285,0
1286,0
1287,1
1288,0
1289,0
1290,0
1291,0
1292,1
1293,0
1294,1
1295,1
1296,1
1297,0
1298,1
1299,0
1300,0
1301,0
1302,0
1303,0
1304,0
1305,0
1306,0
1307,1
1308,1
1309,0
